

 conv1.weight 
[[[[-4.53188181e-01 -2.07804367e-01 -3.93696547e-01]
   [ 5.29219434e-02  3.46712708e-01  1.92714944e-01]
   [ 2.56755084e-01 -5.23596816e-02 -6.67756945e-02]]]


 [[[ 2.55377859e-01 -1.45839646e-01 -3.47711951e-01]
   [ 9.34963077e-02  5.37336946e-01  2.45660782e-01]
   [-3.10694754e-01 -1.83813527e-01  1.64025798e-01]]]


 [[[ 3.53681415e-01 -4.76369143e-01  4.18136641e-02]
   [ 2.36133352e-01 -6.28924251e-01  4.00546402e-01]
   [ 3.28455213e-03 -4.30193841e-01  1.95180446e-01]]]


 [[[-3.55095297e-01 -1.76303938e-01  2.80912817e-01]
   [-2.41304263e-01  1.69452697e-01  2.20683113e-01]
   [ 6.20063976e-04  1.91249385e-01  9.21873725e-04]]]


 [[[-8.27287659e-02  1.68361604e-01 -1.22138737e-02]
   [-3.03750008e-01  3.10184896e-01 -7.39845708e-02]
   [-1.73406169e-01 -5.31841032e-02  1.52716339e-01]]]


 [[[-3.41100365e-01 -2.73277849e-01 -2.70599604e-01]
   [-2.08981439e-01  1.36332467e-01 -2.02833071e-01]
   [ 2.76489884e-01  1.22145824e-01  3.80732298e-01]]]


 [[[ 9.44676474e-02  4.54611098e-03 -5.39933324e-01]
   [ 1.14315554e-01 -1.65182292e-01 -6.70536682e-02]
   [-9.44093615e-02  4.38226104e-01  3.71226609e-01]]]


 [[[-3.83326381e-01  2.71363825e-01  4.85103011e-01]
   [-3.41664582e-01 -1.31200209e-01 -7.35454634e-02]
   [-4.09359515e-01  3.66297290e-02  1.48068056e-01]]]


 [[[ 1.05439976e-01 -1.34620503e-01  1.60305128e-01]
   [ 1.29526734e-01 -9.46491361e-02 -1.51660871e-02]
   [ 1.83358297e-01 -2.14750975e-01  9.46808308e-02]]]


 [[[ 2.17285275e-01  3.00485134e-01 -2.63149977e-01]
   [-1.40711397e-01 -3.76866907e-01 -2.54413873e-01]
   [-1.21807747e-01 -1.21017963e-01  4.11924332e-01]]]


 [[[ 2.11006701e-01 -2.38824785e-02  1.87411115e-01]
   [-6.65972605e-02 -8.68225396e-02  5.10895401e-02]
   [ 1.66233405e-01  1.86621025e-01  5.57886362e-02]]]


 [[[ 1.94686428e-01  1.42360151e-01 -5.95910907e-01]
   [ 6.71135187e-02  2.17455417e-01 -1.26950592e-01]
   [-1.25721797e-01  4.13621038e-01 -1.76651224e-01]]]


 [[[ 1.33275360e-01  8.78634080e-02  2.25699037e-01]
   [ 1.46687850e-01  3.18648219e-01 -1.48940027e-01]
   [-3.38493258e-01 -5.27591586e-01 -2.81442732e-01]]]


 [[[-1.13324784e-01  3.93172130e-02  2.19669357e-01]
   [-4.42636153e-03  3.17770779e-01 -2.27252901e-01]
   [ 2.52385512e-02  3.32538486e-01 -3.35968614e-01]]]


 [[[ 2.54375711e-02 -6.67718351e-02 -3.89511764e-01]
   [ 1.62280008e-01  4.02073681e-01 -2.06353039e-01]
   [-2.74677902e-01  2.42581636e-01  1.68461531e-01]]]


 [[[ 2.38184139e-01  3.48834187e-01  2.24638283e-01]
   [-3.89795989e-01  1.26107158e-02  2.61002481e-01]
   [-3.17996532e-01 -3.43222946e-01 -3.89468580e-01]]]]

 conv1.bias 
[-0.15661503 -0.6487187  -0.14319795 -0.2333665  -0.21961826 -0.18806238
 -0.39405647 -0.37018177 -0.17213497 -0.05992829 -0.46845213 -0.42708328
 -0.18772213 -0.45031855 -0.22636661 -0.19105665]

 fc1.weight 
[[ 1.31137036e-02 -9.30492114e-03 -6.95708022e-03 ...  3.09987320e-03
   3.07542831e-03 -1.48182465e-02]
 [-8.09235219e-03  1.24194436e-02  1.28818816e-02 ... -1.23407319e-02
   1.35540299e-03  6.27574092e-03]
 [-1.74377300e-02 -1.10298367e-02  5.01793995e-03 ... -9.48567782e-03
  -1.71503648e-02  8.25263187e-03]
 ...
 [ 6.50558481e-03 -7.80045055e-03  9.38170496e-03 ...  2.85768219e-05
   1.51317213e-02 -1.23142004e-02]
 [-1.12888562e-02 -2.37126090e-03 -1.31310709e-02 ...  5.65214222e-03
  -1.13734286e-02 -1.14867147e-02]
 [ 9.25534219e-03 -1.04866326e-02 -3.65874288e-03 ... -2.50677671e-03
   1.36928773e-02  1.37418285e-02]]

 fc1.bias 
[-1.64171569e-02  5.86728612e-03 -8.87892861e-03  2.97241216e-03
  2.07215436e-02 -2.52979249e-02 -1.19703049e-02  4.55487147e-03
 -1.71389477e-03 -4.11554873e-02  5.48529662e-02 -1.77548584e-02
 -1.65677629e-02 -4.94934199e-03 -1.71349347e-02 -1.00279618e-02
 -8.78431275e-03  4.00523990e-02 -1.08029728e-03  2.10368000e-02
 -1.55393928e-02  1.49060730e-02 -1.40626719e-02 -2.31793262e-02
 -2.74955668e-02  1.87973585e-02  3.61944549e-02 -7.23952800e-03
 -1.85505743e-03  3.65829282e-03 -7.17635639e-03  4.55900840e-03
  2.04954389e-02 -5.92083484e-03 -5.61601901e-03  3.31690125e-02
  1.15572118e-04  1.76919140e-02  2.02812627e-02 -6.01758529e-03
 -2.75377091e-02 -1.55731039e-02  1.39378505e-02  3.19901062e-03
  1.18643988e-03 -2.28043403e-02 -3.55123393e-02 -3.81352194e-02
 -5.01472875e-03 -1.64417326e-02 -1.75352860e-02 -2.72073299e-02
  5.74166654e-03  2.69899108e-02 -1.79186892e-02 -1.86551623e-02
  2.17176322e-03 -1.73835724e-03 -4.75118775e-03  9.09002591e-03
  1.58153605e-02  5.38023282e-03  8.23253766e-03  3.47165670e-03
  1.65077427e-03  2.18462362e-03  2.97259027e-03 -4.12109308e-03
 -8.40429310e-03 -9.69765708e-03 -2.61381734e-02  1.61374584e-02
  1.04510123e-02  2.44436343e-03  8.46521405e-04 -1.17292786e-02
  4.03103372e-03 -3.08799949e-02 -1.29871778e-02  7.80200062e-04
  1.34601370e-02 -2.01677345e-02 -7.68816238e-03 -8.82215891e-03
 -1.37074552e-02  1.20516531e-02 -6.96993247e-03 -1.86468381e-02
  6.74487744e-03  1.82208000e-03 -6.06730487e-03  1.56650841e-02
 -1.50676183e-02 -1.57138929e-02  6.71974709e-03 -1.03123775e-02
  2.04746686e-02  1.50462734e-02 -1.90535784e-02  3.69196944e-02
 -1.80482380e-02 -4.95472848e-02 -1.03600267e-02  2.84374543e-02
  1.14036724e-02  8.90677795e-03  1.29499484e-03 -1.12000927e-02
 -5.94393583e-03 -9.92452074e-03 -9.23247170e-03  1.59748774e-02
 -1.73796453e-02 -7.43000070e-03  1.48522267e-02 -7.50949187e-03
 -1.63230076e-02 -1.99269708e-02  1.05068777e-02  1.53192459e-02
  8.92310496e-03  6.61597122e-03  4.01832797e-02 -2.39180904e-02
  2.74050068e-02 -1.38329063e-03 -1.11297600e-03 -1.08445343e-03
  5.93966106e-03  2.79222894e-02 -1.87501647e-02 -1.86323300e-02
 -2.47380733e-02 -3.42502550e-04  1.67398006e-02 -8.63820314e-03
 -2.87780352e-02  1.85194761e-02 -1.83647778e-02 -5.90191083e-03
  1.33594703e-02 -1.14460699e-02 -4.76081186e-05  1.06072472e-02
  2.22291294e-02  1.26684224e-03  5.13513535e-02 -1.60496663e-02
 -1.35156857e-02  5.84796304e-03  1.14360182e-02 -1.09660979e-02
 -7.38389324e-03  5.93471853e-03 -1.60632078e-02  4.46411557e-02
 -7.00477231e-03 -7.56465225e-03  2.50028186e-02  6.95623644e-03
  9.47853085e-03 -3.94656759e-04  1.15628224e-02  3.25952121e-03
  1.76144168e-02  1.12523036e-02 -1.03751542e-02 -1.67785715e-02
  1.53256592e-03  2.65563726e-02 -2.59583164e-02  1.93778165e-02
  1.75699242e-03  1.32424384e-02 -5.29732369e-03 -1.47574982e-02
  1.73088303e-03  4.86529199e-04  1.21585289e-02  1.14579694e-02
 -5.49692009e-03 -1.22127114e-02 -9.91539378e-03 -2.49041468e-02
  7.11774267e-03  4.42263437e-03 -1.21563328e-02 -1.07521676e-02
 -1.15776882e-02 -9.41827707e-03 -5.16798906e-02 -2.80894786e-02
 -1.14943022e-02  3.30812600e-03 -1.26903206e-02 -9.87516064e-03
 -1.40323993e-02  1.14291627e-02  1.72041282e-02 -1.01433019e-03
  1.62334158e-03 -5.70933474e-03  3.14368084e-02  2.76158983e-03
  2.65144627e-03  1.02090649e-02  3.56501131e-03  6.88185077e-03
 -3.71371359e-02 -1.08787476e-03 -4.26282408e-03  7.19481986e-03
 -1.78412851e-02  1.76888220e-02  1.30894352e-02  1.92574982e-03
 -4.81455848e-02  1.42871989e-02 -1.80273615e-02  1.69029925e-03
 -2.57443171e-02 -9.38391499e-03  6.10630587e-03  1.06789116e-02
  6.22737315e-03 -1.02028577e-02  4.12982609e-03 -3.17079737e-03
  4.18867953e-02  2.52797792e-04 -1.95828788e-02 -7.23697692e-02
  9.85974260e-03  2.29980005e-03 -9.66875348e-04  5.79442754e-02
  1.08935889e-02  2.39237659e-02  2.46449281e-03 -3.98089085e-03
 -1.66992564e-02 -1.25659686e-02 -1.88086499e-02  1.29433107e-02
 -3.13054444e-03 -1.74309835e-02 -2.69413018e-03 -1.76678598e-02
 -6.83592807e-04  5.47352154e-03 -4.30635503e-03 -2.87225787e-02
  7.23307859e-03 -1.17830858e-02 -1.35297002e-02 -1.89212970e-02
  1.10495891e-02 -5.90293575e-03 -1.66132860e-03 -1.35434754e-02
 -9.14452411e-03 -7.44693726e-02  6.99395360e-03 -1.38280336e-02
  7.76975742e-03  9.15332790e-03 -8.86190496e-03 -1.80010982e-02
  2.40666308e-02  3.26329507e-02  1.41164232e-02 -6.95564551e-03
  2.75316346e-03  2.38178391e-02  1.40310405e-02  1.27219157e-02
 -5.57303205e-02 -1.85913686e-02 -2.04271860e-02 -1.55765284e-02
  6.07315311e-03  4.07432914e-02  5.09496741e-02 -1.29518854e-02
 -1.00196078e-02  7.18306424e-03  2.23102868e-02  1.34695293e-02
 -6.66374341e-04 -1.14513030e-02  1.45761278e-02  1.13493893e-02
 -2.52513979e-02 -1.17694875e-02 -7.30837928e-03  1.58151670e-03
 -7.05123972e-03 -8.66705738e-03 -7.84405973e-03 -1.35219488e-02
 -9.80665348e-03 -5.96888922e-03 -6.32016978e-04  2.73091043e-03
  3.07835881e-02 -8.96561309e-04  4.18903679e-02  1.72422628e-03
  1.00772297e-02  1.93429715e-03 -1.07263662e-02 -3.97003139e-04
  2.28213868e-03  1.38803432e-02 -2.32596043e-03 -1.85628273e-02
 -3.17771211e-02 -6.76544290e-03  5.94546180e-03 -3.99617106e-03
 -1.04998890e-02 -4.27403534e-03  8.25436600e-03 -1.55118359e-02
  3.09261959e-03 -6.27242029e-04  4.22541760e-02  6.75327098e-03
  1.02914553e-02  1.25087760e-02 -1.63676273e-02 -1.98427439e-02
 -1.36450091e-02 -4.69734054e-03  3.92368250e-02 -1.55713838e-02
  6.58761756e-03  8.19259789e-03 -1.27123902e-02  4.03349996e-02
 -7.06284819e-03  7.79299159e-03  2.45319158e-02 -6.94228848e-03
 -2.91477051e-03  3.71443443e-02 -9.86143854e-03  3.26213501e-02
  1.52100222e-02 -1.89582724e-02  1.51312146e-02 -1.96807180e-02
  1.60334446e-02 -2.25146604e-03  3.16810707e-04  4.62106010e-03
  2.43246015e-02  8.21253844e-03  6.59824256e-03  1.73883345e-02
  5.12339035e-03 -1.26662459e-02  1.43980281e-02  4.33077700e-02
 -1.34235388e-02 -8.33783764e-03 -1.65052172e-02 -6.23891922e-03
 -6.85423263e-04  8.53494275e-03 -4.40317485e-03  2.17393204e-03
 -3.96677805e-03 -7.38360872e-03  6.56599877e-04  7.19800778e-03
 -6.00384921e-03 -4.74348525e-03 -1.90248769e-02 -1.16414549e-02
  5.23365755e-03 -7.72324929e-05  1.22692091e-02 -1.91363581e-02
  1.11150639e-02 -3.12333158e-03  9.92267206e-03 -1.91953070e-02
 -1.83294434e-02  7.58227380e-03  8.52470007e-03  4.37596999e-03
 -1.40304277e-02 -6.55356199e-02  1.87765062e-02  3.74518242e-03
 -3.27421091e-02  5.81905385e-03 -3.25282011e-03 -1.70680657e-02
  8.81215464e-03 -3.55804674e-02  9.58077377e-04  6.04000548e-03
 -5.07475762e-03 -1.41047155e-02 -4.03881483e-02 -2.80151097e-03
  3.31875193e-03 -3.26816598e-03  1.12068560e-02 -1.00902831e-02
  1.72747299e-02  2.58740358e-04 -4.91830101e-03 -5.28192297e-02
 -5.30802971e-03 -4.04750481e-02 -2.18865275e-02 -7.76753295e-03
  1.42453806e-02  2.92506274e-02  4.55938885e-03  2.69557885e-03
  1.09362276e-02 -1.92668121e-02  1.44651728e-02 -1.56462360e-02
 -5.90823544e-03 -1.90901440e-02 -7.33762141e-03 -1.04472283e-02
  1.28078992e-02 -1.39902048e-02 -4.61554118e-02  1.44776218e-02
  1.11044552e-02 -1.38520962e-02 -1.71768833e-02  1.12305433e-02
 -1.04281530e-02  2.37166174e-02  3.58338282e-02 -7.15998840e-03
 -1.39180701e-02 -1.24872494e-02  8.52460880e-03 -2.77954713e-02
  1.41711002e-02 -2.22647768e-02 -1.70136020e-02  8.92746821e-03
 -3.43185142e-02 -1.18997572e-02 -1.10477116e-02 -1.59646571e-02
  5.75486803e-03 -3.59477615e-03 -8.66470393e-03  1.54979844e-02
  1.81147922e-02  1.83401711e-03  2.70142015e-02  1.11215678e-03
 -3.38731147e-03  1.26265762e-02  2.08687433e-03 -6.98843086e-03
  2.38324283e-03 -1.66687369e-02 -1.25988228e-02 -1.14848148e-02
  4.25163796e-03  5.24509139e-03  8.56561400e-03  1.38712740e-02
 -1.19134476e-02 -1.60813220e-02 -5.28789824e-03  5.71418367e-03
 -1.26002124e-02 -1.03511065e-02 -6.53555011e-03  1.18707223e-02
 -3.21438313e-02 -3.02399099e-02  1.27457483e-02  3.95981148e-02
  5.07073151e-03 -1.87787842e-02 -3.86932632e-03  1.14240469e-02
  1.11687528e-02 -6.63935998e-03 -5.99346356e-03  2.51772925e-02
  2.37172190e-03  2.17950158e-02 -1.20346826e-02  1.55946650e-02]

 fc2.weight 
[[-0.032579   -0.14274243  0.00214032 ...  0.01609173  0.09039031
  -0.04961593]
 [ 0.03204634  0.02348361 -0.04832567 ... -0.11047439 -0.08792688
  -0.12545067]
 [-0.2398517  -0.02862667  0.06744719 ... -0.14481245 -0.07482806
   0.00748389]
 ...
 [-0.11292778 -0.17765993  0.00391064 ...  0.13038519  0.00282946
   0.06559939]
 [ 0.04547423  0.02689679 -0.07973398 ... -0.19202325 -0.03995785
  -0.05669594]
 [-0.05396294  0.04662334 -0.04805315 ... -0.06234609 -0.04196767
  -0.1267179 ]]

 fc2.bias 
[-0.00383695  0.00376015 -0.00189367  0.00714202  0.02045029  0.01113168
 -0.09670536 -0.05776219 -0.06516959 -0.02156536]