

 conv1.weight 
[[[[-0.1703763   0.31608853 -0.07830061]
   [ 0.15731438 -0.19410609  0.16807139]
   [ 0.05872838  0.16061556 -0.06953024]]]


 [[[ 0.19368483  0.3228386   0.03993244]
   [-0.08698438  0.35841793  0.3333456 ]
   [-0.495203   -0.55723816 -0.06588896]]]


 [[[ 0.0442613   0.32224134 -0.37760258]
   [ 0.23144776  0.17114843 -0.3950899 ]
   [-0.07772754 -0.02523072 -0.3441278 ]]]


 [[[ 0.02482942  0.17908414 -0.295248  ]
   [ 0.03590111  0.3025841  -0.38097328]
   [ 0.24366935 -0.01582402 -0.07089042]]]


 [[[-0.21826053 -0.18201838 -0.16180144]
   [ 0.11350892 -0.2607949  -0.02584523]
   [-0.43196407  0.2950737   0.2996249 ]]]


 [[[-0.02645452  0.37989476  0.38009593]
   [-0.06691616 -0.2882701  -0.24494916]
   [-0.45664528 -0.1113063  -0.08571377]]]


 [[[-0.2809044  -0.25964352 -0.34813386]
   [-0.05019965  0.18649389  0.3075749 ]
   [ 0.24273144 -0.0385552   0.03837779]]]


 [[[-0.29115134 -0.1079368  -0.47700298]
   [ 0.13798346 -0.18262652 -0.5698234 ]
   [ 0.419142    0.5581613  -0.23815307]]]


 [[[-0.4213836  -0.02593551  0.09934731]
   [-0.01414317 -0.31794223 -0.2737355 ]
   [ 0.5212858  -0.00442287 -0.11732827]]]


 [[[ 0.29273686  0.00923209 -0.45121756]
   [ 0.3060956  -0.25212377 -0.09051251]
   [ 0.28834125 -0.15539822 -0.1687103 ]]]


 [[[ 0.1435491  -0.23255488  0.16671461]
   [ 0.17727064  0.2693201  -0.01613856]
   [-0.00083333 -0.07786874  0.16914177]]]


 [[[ 0.08830641 -0.29558602 -0.00460302]
   [ 0.18521097 -0.24964009  0.12772673]
   [ 0.0756726   0.26011628 -0.0699824 ]]]


 [[[-0.07055829 -0.21963239 -0.3352032 ]
   [ 0.13000533 -0.05390126  0.04201411]
   [-0.00081615  0.35033578  0.14788538]]]


 [[[ 0.42884    -0.22121862 -0.3314728 ]
   [-0.54343134 -0.39919466  0.2718718 ]
   [-0.01231033  0.44867784  0.04384779]]]


 [[[-0.14007309 -0.03028863  0.19676386]
   [-0.17120117 -0.31681976  0.24871846]
   [ 0.12427007  0.03041566  0.22491291]]]


 [[[ 0.31382945  0.27477595  0.23085314]
   [-0.46449545  0.03109856  0.08227581]
   [-0.16019264 -0.30266172 -0.4614054 ]]]]

 conv1.bias 
[-0.16975303 -0.35493842 -0.20010217 -0.18923867 -0.03933776 -0.22607149
 -0.13513961 -0.33034208 -0.12489768 -0.20589632 -0.43948784 -0.17406909
 -0.11071877 -0.13542353 -0.46936634 -0.19886342]

 fc1.weight 
[[ 0.00116384 -0.00918073  0.00772295 ...  0.01057813 -0.01531165
  -0.00697527]
 [ 0.00029068  0.01247681 -0.00210856 ...  0.00859822  0.01368992
   0.01286541]
 [ 0.01596436 -0.00154044 -0.00704456 ... -0.00563458 -0.01490422
  -0.01493913]
 ...
 [-0.0086921   0.00871699  0.00728725 ... -0.01348205 -0.00782731
   0.0008476 ]
 [-0.00335129 -0.01657345 -0.01636079 ...  0.01163348  0.02103342
  -0.01465444]
 [-0.01649317  0.00899898  0.01066497 ... -0.01209922  0.00201315
   0.00701901]]

 fc1.bias 
[-2.11694352e-02 -1.62171740e-02 -1.87468752e-02 -5.66799333e-03
  1.15217385e-03 -6.74341433e-03  1.92187913e-02 -2.40975083e-03
 -1.83126740e-02 -4.98437416e-03 -6.88287895e-03  1.21068500e-03
 -2.21915767e-02  1.40734175e-02  3.73172224e-03 -2.23292708e-02
 -5.26021747e-03  1.36287464e-02 -8.39715265e-03 -2.21964438e-02
  1.32794576e-02  9.25576873e-03  9.50668659e-03  3.54688172e-03
  1.20834298e-02  2.98905699e-03 -3.76270083e-03 -3.64985727e-02
  1.49052488e-02 -3.73189934e-02  1.44768124e-02 -1.30301097e-03
 -1.59534346e-02  1.46318842e-02 -2.75426563e-02  3.43341753e-02
 -1.32108340e-02 -2.82409182e-03  5.12279570e-03  2.24677264e-04
 -6.63146703e-03  2.94109583e-02 -1.32643739e-02  8.41288455e-03
  7.41760386e-03  1.82141531e-02 -4.80472716e-03  1.20494319e-02
 -1.18831983e-02  1.06080761e-02 -2.81478055e-02 -2.86284592e-02
 -1.56146334e-03  2.05009859e-02  2.16506775e-02  1.36999218e-02
 -1.00553986e-02 -6.95901504e-03  6.04776852e-03  2.87454277e-02
 -4.38824901e-03  5.47828851e-03 -2.18136813e-02  1.49154998e-02
  8.15402344e-03 -2.05492154e-02 -6.61559477e-02 -3.09855100e-02
  1.41329328e-02  1.37900300e-02  8.17173719e-03 -6.09458284e-03
  2.28411816e-02  2.30206084e-03  1.33129004e-02 -1.32357860e-02
 -1.32830776e-02 -1.76735241e-02 -3.53553705e-03 -2.02221479e-02
 -7.97149912e-03  4.98683285e-03 -3.66083696e-03  2.49273069e-02
 -9.18099377e-03 -8.18707747e-04 -3.61944996e-02 -4.00117189e-02
  2.71123950e-03  1.05776507e-02 -1.82889327e-02 -6.10724837e-03
  1.17669404e-02  5.70872379e-03 -4.52406667e-02  6.05510967e-03
  2.83603724e-02  4.61919559e-03 -5.14935469e-03  4.44110343e-03
 -4.41652015e-02  1.71043146e-02  1.44749889e-02 -3.20109017e-02
  2.57180277e-02 -1.95534229e-02 -1.83316935e-02 -4.14158888e-02
 -4.31219749e-02  3.32825035e-02 -1.16634341e-02 -5.66393044e-03
 -1.21660726e-02  1.20289559e-02 -2.01394632e-02 -4.67246957e-02
 -3.98872158e-04  1.20373666e-02 -2.08072290e-02  9.67236329e-03
 -4.38667042e-03  8.59777909e-03 -1.83887838e-03  1.58888251e-02
  3.70091456e-03 -3.08033619e-02 -2.55124047e-02  2.45575123e-02
 -1.14163980e-02 -2.84449314e-04 -3.04958932e-02  1.52874496e-02
  4.73383395e-03  5.30480314e-03 -5.01720700e-03  6.53681671e-03
 -1.88848209e-02 -6.69260276e-03  7.81326927e-03 -3.45751410e-03
  5.69222681e-02 -3.07520200e-02 -4.42533530e-02 -1.27893705e-02
 -2.59050750e-03 -1.30926091e-02 -1.02424901e-02 -2.38296390e-02
  5.20901813e-04  5.69515070e-03 -1.77794229e-02  1.37434236e-03
 -1.23416055e-02  1.80281773e-02  4.55418741e-03 -3.96191031e-02
 -1.46659501e-02 -6.75569708e-03 -7.61144608e-03 -1.87339820e-02
 -1.60532407e-02  2.93361060e-02  2.42116153e-02 -1.65828485e-02
 -1.09541947e-02 -6.16502808e-03 -1.65959094e-02  1.30443764e-03
  4.09702118e-03 -6.89298240e-03 -1.89981498e-02 -8.22147168e-03
 -1.91620532e-02  6.31143339e-03  3.30599560e-03 -2.06577759e-02
 -1.03682755e-02 -3.45647186e-02  1.03062922e-02  8.27493519e-03
 -2.33931118e-03 -1.10136187e-02 -1.13097923e-02 -3.40506509e-02
 -1.16312061e-03 -2.05148733e-03  9.49927513e-03 -2.23866962e-02
 -1.06667643e-02  1.08417924e-02  3.59537709e-03 -4.11260687e-02
  1.46621955e-03 -1.27850026e-02 -2.19190326e-02  2.72693094e-02
 -5.81575837e-03  3.75160016e-02  5.61927445e-03 -4.85782465e-03
 -2.11277753e-02  2.01321323e-03  1.35720791e-02 -6.31398801e-03
 -4.21429891e-03 -1.66964829e-02 -6.34970516e-03 -1.66492106e-03
  1.49617530e-02  1.88745297e-02 -1.92149580e-02  6.98974729e-03
  6.89472025e-03 -1.30285714e-02 -1.75108220e-02  1.65027063e-02
  1.51406159e-03 -5.75024355e-03 -6.95528882e-03 -1.40633369e-02
  8.23406316e-03 -1.30195738e-04  1.60144717e-02  6.79081120e-03
  1.27096623e-02  1.80840516e-03  1.41321849e-02 -3.63875963e-02
  2.08457746e-03  1.63800102e-02 -2.06339974e-02 -1.75052427e-03
 -6.70674210e-03 -1.21785318e-02 -9.59932059e-03 -3.11997137e-03
 -3.32211587e-03 -2.82447338e-02  3.41973491e-02  1.47221601e-02
 -1.62887014e-03 -1.29823443e-02 -7.19668204e-03  1.99335087e-02
 -1.14520993e-02 -3.03858100e-03 -1.15455771e-02  3.99845019e-02
  9.01310425e-03 -1.58532783e-02 -1.00513482e-02  1.11079607e-02
  3.33307451e-03  2.02184059e-02  1.80219803e-02  3.10366340e-02
 -1.69607587e-02 -1.47804664e-02 -1.59822050e-02  1.29603352e-02
  1.38263935e-02  1.52693652e-02 -4.64894017e-03 -1.15281781e-02
  2.43325979e-02  1.53874541e-02 -8.37673433e-03  1.67830233e-02
  2.09754636e-03 -8.25727545e-03 -3.04932464e-02  7.87715334e-03
 -8.77510477e-03 -1.41017018e-02 -1.58225186e-02 -1.00836875e-02
  8.84557050e-03 -3.47040268e-03 -1.88363215e-03  2.87134163e-02
  2.11404823e-02  1.48706732e-03  3.11406050e-03  1.18709020e-02
  3.50363590e-02  8.35147966e-03 -1.39096389e-02  7.35593634e-03
  1.70532130e-02 -3.65604758e-02 -2.24627666e-02 -1.73901990e-02
  1.62611231e-02  4.27568192e-03  2.13554744e-02 -8.62378720e-03
  3.95744806e-03  5.89078246e-03  1.90962646e-02  1.02944411e-02
 -1.74442418e-02  8.92867614e-03 -9.05142911e-03 -2.85452548e-02
 -3.41899991e-02 -2.51727179e-05 -5.14003122e-03 -4.04606620e-03
  7.84175843e-03 -1.90556627e-02  6.73000375e-03  1.99274998e-02
 -2.44617201e-02 -1.59925036e-02  1.48662208e-02  2.80766692e-02
  9.40079428e-03  2.95402086e-03  8.11327074e-04 -2.74903700e-02
  8.58630985e-03  5.22246724e-03  5.73172281e-03 -1.20165283e-02
  1.51763400e-02 -1.17903703e-03  1.26724811e-02 -3.21191433e-03
 -2.31085764e-03  3.09077222e-02 -1.91745833e-02 -1.07577816e-02
 -3.60841310e-04 -2.07156874e-02 -9.87823866e-03 -2.55502900e-03
 -1.55505566e-02  6.66571874e-03 -2.16222741e-03 -1.23953680e-02
 -2.29331888e-02  1.54158298e-03 -5.90129197e-02 -1.72531996e-02
 -2.65422696e-03  4.50746855e-03  3.68849305e-03 -8.66109412e-03
  2.75262017e-02 -6.26144791e-03 -2.00733189e-02 -1.44128148e-02
  1.33053223e-02 -6.93066604e-03 -9.10051446e-03 -8.01971834e-03
 -1.88905280e-02 -2.18847790e-03  1.05773816e-02  3.38599980e-02
  3.03473752e-02  4.64708731e-03 -3.16806533e-03 -1.92567594e-02
  2.94915903e-02  2.94029247e-02  4.50611068e-03  1.65075120e-02
 -2.04349663e-02 -1.02532860e-02  1.72117464e-02  1.94821171e-02
  1.33552076e-03  1.26615753e-02  6.88044261e-03 -4.75161662e-03
  1.40581299e-02 -1.00463377e-02 -1.53723387e-02 -6.87785586e-03
 -1.54336840e-02 -4.15012874e-02  4.27774563e-02 -1.52030047e-02
 -1.93306375e-02  4.71519912e-03 -4.77548465e-02  1.42828273e-02
  1.24054309e-02  2.24601701e-02 -1.35441998e-03  4.82340576e-03
  1.68370921e-02 -4.20142198e-03 -6.11852519e-02 -3.42532136e-02
  1.08711850e-02 -4.11347412e-02  1.22523252e-02 -3.82781820e-03
 -1.11683430e-02 -1.79986749e-03  3.30631062e-03 -9.75515414e-03
 -3.32517177e-02  3.97880152e-02  6.68896455e-03  2.00183932e-02
 -5.16395411e-03 -1.37314713e-02  5.26816025e-03  2.61726277e-03
  1.25400792e-03 -2.18246821e-02  1.63446814e-02  1.61357746e-02
  2.49940492e-02  1.51947476e-02  2.19150577e-02  1.11930876e-03
 -2.97265360e-04  1.97541827e-04 -2.38132357e-04 -3.26219684e-04
 -1.98577717e-02 -6.97049778e-03 -1.59860458e-02  2.37729549e-02
  5.56831900e-03 -1.91847747e-03  1.56990029e-02 -1.88336347e-03
 -3.33594866e-02  1.26959640e-03 -8.23437888e-03 -1.96866859e-02
 -3.12112123e-02 -5.71559696e-03 -1.49508528e-02  1.53770484e-02
 -7.56827509e-03 -5.11174556e-03  1.18999640e-02  1.93633400e-02
 -2.88779605e-02 -7.17576453e-03 -2.49823686e-02 -3.30007486e-02
  2.63299700e-02  7.83059187e-03 -5.22189308e-03 -1.21552106e-02
  3.01049259e-02 -8.72567855e-03 -4.58556693e-03 -1.04352590e-02
  1.53210135e-02  3.72573058e-03 -2.08455827e-02  1.17281806e-02
 -1.03459470e-02  1.13658723e-03 -3.46911862e-03  1.60264578e-02
  2.60753650e-03  4.73101810e-03 -4.19672625e-03  1.61667634e-02
 -1.67449433e-02  1.03856605e-02 -1.06209181e-02  1.53933223e-02
 -8.56455602e-03  5.74694946e-03 -6.22296566e-03 -2.81634275e-02
 -3.21607701e-02  1.15685556e-02 -8.28749314e-03  6.68265577e-03
  1.38874641e-02 -2.61559058e-02 -1.37253879e-02  8.92535411e-03
 -1.75037589e-02 -3.66144478e-02 -9.64521151e-03  1.85025239e-03
  6.78307982e-03 -7.82872736e-03  1.11589301e-02 -1.83087345e-02
 -1.83530021e-02  2.91110412e-03 -2.20029615e-02  8.01110175e-03
 -1.65467653e-02  8.77207704e-03 -5.19944839e-02  1.19753892e-03]

 fc2.weight 
[[-0.23088986 -0.04074834 -0.01300463 ...  0.07039678 -0.08075751
   0.0311464 ]
 [-0.1027555  -0.20311339  0.03717141 ...  0.00130044 -0.23817658
  -0.05237149]
 [-0.05659374 -0.13981164  0.02262224 ... -0.2012304  -0.2209946
   0.02473358]
 ...
 [-0.05393361 -0.17053445  0.02907896 ... -0.17342596 -0.00028842
  -0.06178908]
 [ 0.05376893 -0.13728309 -0.00973619 ... -0.05467886  0.06847434
   0.10016858]
 [-0.05590848 -0.16596732 -0.01800943 ... -0.12338124  0.04667858
  -0.02847187]]

 fc2.bias 
[-0.06871387  0.07495264  0.01607671 -0.00243637 -0.03384664 -0.01090444
 -0.03013867 -0.05642267 -0.02936587 -0.0369833 ]